---
Lobby:
  X: 388.3873
  "Y": 59.1677
  Z: 291.6873
  level: Lobby
  yaw: 185.7730712890625
  pitch: 89.89999389648438
world:
  X: 255.45499999999998
  "Y": 46
  Z: 256.51200000000006
  level: world
  yaw: 355.05101013183594
  pitch: 89.89999389648438
...
